30	# total positions (geophones + shots - duplicates)
#x 	 y 	 # label:
-43.0	0.0	1
0.0	0.0	2
6.0	0.0	3
12.0	0.0	4
18.0	0.0	5
24.0	0.0	6
30.0	0.0	7
33.0	0.0	8
36.0	0.0	9
42.0	0.0	10
48.0	0.0	11
54.0	0.0	12
60.0	0.0	13
66.0	0.0	14
69.0	0.0	15
72.0	0.0	16
78.0	0.0	17
84.0	0.0	18
90.0	0.0	19
96.0	0.0	20
102.0	0.0	21
105.0	0.0	22
108.0	0.0	23
114.0	0.0	24
120.0	0.0	25
126.0	0.0	26
132.0	0.0	27
135.0	0.0	28
138.0	0.0	29
204.0	0.0	30
164	#total picks
# s 	 g 	 t	 err
15	2	0.08163598741803851	0.001
15	3	0.07868901772106884	0.001
15	4	0.0761630436950948	0.001
15	5	0.07111109564314674	0.001
15	6	0.07069009997215109	0.001
15	7	0.06732213460418571	0.001
15	9	0.06479616057821169	0.001
15	10	0.06016520819725932	0.001
15	11	0.057639234171285275	0.001
15	12	0.0559552514873026	0.001
15	13	0.0530082817903329	0.001
15	14	0.03153750256955368	0.001
15	16	0.03153750256955368	0.001
15	17	0.051324299106350224	0.001
15	18	0.05427126880331992	0.001
15	19	0.058902221184272296	0.001
15	20	0.06058620386825497	0.001
15	21	0.06395416923622035	0.001
15	23	0.06816412594617705	0.001
15	24	0.0702691043011554	0.001
15	25	0.07363706966912079	0.001
15	26	0.07700503503708614	0.001
15	27	0.08037300040505152	0.001
15	29	0.08247797876002988	0.001
2	2	0.030653409090909106	0.001
2	3	0.045388257575757596	0.001
2	4	0.05086120129870131	0.001
2	5	0.05422916666666669	0.001
2	6	0.056755140692640704	0.001
2	7	0.05843912337662341	0.001
2	9	0.06307007575757578	0.001
2	10	0.06475405844155846	0.001
2	11	0.0685430194805195	0.001
2	12	0.07191098484848488	0.001
2	13	0.07612094155844157	0.001
2	14	0.07864691558441561	0.001
2	16	0.08201488095238096	0.001
2	17	0.08243587662337665	0.001
2	18	0.08411985930735932	0.001
2	19	0.08790882034632036	0.001
2	20	0.0887508116883117	0.001
2	21	0.09085579004329006	0.001
2	23	0.09253977272727276	0.001
2	24	0.09674972943722945	0.001
2	25	0.09843371212121214	0.001
2	26	0.10138068181818184	0.001
2	27	0.1034856601731602	0.001
8	2	0.0637366436715	0.001
8	3	0.0595266869615	0.001
8	4	0.0578427042775	0.001
8	5	0.0544747389096	0.001
8	6	0.0502647821996	0.001
8	7	0.0292149986498	0.001
8	9	0.0338459510308	0.001
8	10	0.0511067735416	0.001
8	11	0.0557377259226	0.001
8	12	0.0582636999485	0.001
8	13	0.0624736566585	0.001
8	14	0.0645786350135	0.001
8	16	0.0692095873944	0.001
8	17	0.0708935700784	0.001
8	18	0.0734195441044	0.001
8	19	0.0759455181303	0.001
8	20	0.0767875094723	0.001
8	21	0.0805764705113	0.001
8	23	0.0835234402083	0.001
8	24	0.0860494142342	0.001
8	25	0.0885753882602	0.001
8	26	0.0915223579572	0.001
8	27	0.0944693276542	0.001
22	2	0.0932765151515	0.001
22	3	0.0920135281385	0.001
22	4	0.0894875541126	0.001
22	5	0.0878035714286	0.001
22	6	0.0844356060606	0.001
22	7	0.0810676406926	0.001
22	9	0.0802256493506	0.001
22	10	0.0755946969697	0.001
22	11	0.0739107142857	0.001
22	12	0.0718057359307	0.001
22	13	0.0701217532468	0.001
22	14	0.0667537878788	0.001
22	16	0.0642278138528	0.001
22	17	0.0612808441558	0.001
22	18	0.0549659090909	0.001
22	19	0.0520189393939	0.001
22	20	0.047387987013	0.001
22	21	0.0271801948052	0.001
22	23	0.0271801948052	0.001
22	24	0.049071969697	0.001
22	25	0.0515979437229	0.001
22	26	0.0566498917749	0.001
22	27	0.0595968614719	0.001
22	29	0.0617018398268	0.001
29	2	0.106537878788	0.001
29	3	0.104853896104	0.001
29	4	0.102327922078	0.001
29	5	0.100643939394	0.001
29	6	0.09895995671	0.001
29	7	0.096433982684	0.001
29	9	0.09475	0.001
29	10	0.091382034632	0.001
29	11	0.0896980519481	0.001
29	12	0.0896980519481	0.001
29	13	0.0867510822511	0.001
29	14	0.0842251082251	0.001
29	16	0.0825411255411	0.001
29	17	0.0791731601732	0.001
29	18	0.0749632034632	0.001
29	19	0.0715952380952	0.001
29	20	0.0669642857143	0.001
29	21	0.0644383116883	0.001
29	23	0.0623333333333	0.001
29	24	0.0572813852814	0.001
29	25	0.0547554112554	0.001
29	26	0.0530714285714	0.001
29	27	0.0429675324675	0.001
29	28	0.0307586580087	0.001
30	2	0.129903138528	0.001
30	3	0.127798160173	0.001
30	4	0.126114177489	0.001
30	5	0.125693181818	0.001
30	6	0.121483225108	0.001
30	7	0.121483225108	0.001
30	9	0.120220238095	0.001
30	10	0.117694264069	0.001
30	11	0.114747294372	0.001
30	12	0.116010281385	0.001
30	14	0.110537337662	0.001
30	17	0.108011363636	0.001
30	18	0.104643398268	0.001
30	19	0.100433441558	0.001
30	20	0.0983284632035	0.001
30	21	0.0962234848485	0.001
30	23	0.0949604978355	0.001
30	24	0.0924345238095	0.001
30	25	0.0907505411255	0.001
30	26	0.0869615800866	0.001
30	27	0.0852775974026	0.001
30	29	0.0819096320346	0.001
1	2	0.0602283549784	0.001
1	3	0.0627543290043	0.001
1	4	0.0669642857143	0.001
1	5	0.0686482683983	0.001
1	6	0.0720162337662	0.001
1	7	0.0749632034632	0.001
1	9	0.0779101731602	0.001
1	10	0.0791731601732	0.001
1	11	0.0825411255411	0.001
1	12	0.0863300865801	0.001
1	13	0.0888560606061	0.001
1	14	0.090961038961	0.001
1	16	0.093066017316	0.001
1	17	0.093908008658	0.001
1	18	0.095591991342	0.001
1	19	0.098538961039	0.001
1	20	0.09895995671	0.001
1	21	0.102748917749	0.001
1	23	0.105274891775	0.001
1	24	0.106537878788	0.001
1	25	0.108642857143	0.001
1	26	0.113273809524	0.001
1	27	0.114536796537	0.001
1	29	0.116220779221	0.001
